time,pitch,C,C#,D,D#,E,F,F#,G,G#,A,A#,B,stopped
2.749829,48,0.081452,0.182383,0.638695,0.179912,0.177645,0.162832,0.141897,0.058307,0.039703,0.050204,0.262038,0.355871,running
3.299091,73,0.054018,0.849077,0.145621,0.057067,0.039595,0.067424,0.026079,0.012841,0.167642,0.010096,0.051273,0.085672,running
3.499742,77,0.087052,0.479782,0.125322,0.051415,0.066728,0.338255,0.112022,0.012430,0.099763,0.015732,0.178290,0.270819,running
4.049074,73,0.089541,0.560303,0.073124,0.058461,0.073238,0.254897,0.095751,0.018473,0.204897,0.024914,0.235322,0.357528,running
4.401045,73,0.054644,0.687723,0.035916,0.037700,0.037907,0.158958,0.109044,0.008580,0.279299,0.010238,0.169159,0.340447,running
4.949204,73,0.066462,0.587667,0.049611,0.051102,0.052303,0.205450,0.107919,0.012733,0.295107,0.028319,0.321005,0.389928,running
5.600138,73,0.117362,0.818410,0.099560,0.193524,0.070813,0.178207,0.104427,0.089779,0.251023,0.044712,0.094915,0.139527,running
5.949445,76,0.067579,0.330288,0.069619,0.165753,0.615560,0.081483,0.058823,0.051737,0.138341,0.260031,0.052127,0.325083,running
7.602094,71,0.182212,0.117270,0.132046,0.205603,0.786514,0.240859,0.175061,0.181866,0.145356,0.324366,0.297714,0.506759,running
7.799219,71,0.105568,0.080131,0.079392,0.125030,0.463209,0.317080,0.225013,0.102096,0.175639,0.181470,0.234992,0.583461,running
8.099368,73,0.071540,0.339762,0.041136,0.112091,0.291932,0.172789,0.091954,0.049264,0.346908,0.375851,0.127185,0.351087,running
8.299135,71,0.058274,0.191130,0.031765,0.189460,0.332707,0.102013,0.080926,0.029334,0.364673,0.211477,0.151341,0.477144,running
8.700505,76,0.034780,0.070404,0.034379,0.120489,0.616044,0.163909,0.040173,0.018913,0.111278,0.072064,0.056882,0.645081,running
8.898674,71,0.080285,0.143624,0.110181,0.134455,0.454490,0.224452,0.083997,0.035041,0.101664,0.075409,0.204573,0.811434,running
9.350832,73,0.188121,0.637254,0.092374,0.122325,0.219056,0.328595,0.064079,0.043880,0.275171,0.090285,0.143324,0.335578,running
10.899019,76,0.169059,0.238544,0.154612,0.581111,0.329880,0.242325,0.269936,0.131741,0.308369,0.314539,0.222973,0.404022,running
11.349326,73,0.132925,0.388170,0.147195,0.284439,0.199575,0.557956,0.125548,0.110942,0.463697,0.258943,0.123275,0.216241,running
11.499921,68,0.163829,0.259967,0.112949,0.435178,0.131801,0.355475,0.086837,0.160701,0.605332,0.171455,0.103843,0.149653,running
11.699356,72,0.547298,0.145723,0.070094,0.275493,0.078553,0.189240,0.051288,0.227098,0.342427,0.120090,0.145200,0.119079,running
13.798923,75,0.160786,0.743275,0.039072,0.285731,0.417957,0.086146,0.077807,0.055487,0.201541,0.027353,0.022273,0.026760,running
14.098989,68,0.216290,0.479856,0.095931,0.413501,0.208827,0.242460,0.450642,0.162244,0.377356,0.043437,0.076459,0.076923,running
14.849333,73,0.069578,0.523956,0.045543,0.090188,0.117186,0.052197,0.309870,0.036160,0.809396,0.031533,0.026508,0.031668,running
15.798692,73,0.144692,0.717403,0.298476,0.180689,0.209862,0.224747,0.832192,0.210398,0.502737,0.136909,0.118101,0.109568,running
16.400000,70,0.240280,0.350482,0.400399,0.097930,0.083421,0.287030,0.685565,0.068893,0.193971,0.279673,0.287278,0.137227,running
17.999920,66,0.264974,0.405835,0.318112,0.323179,0.314875,0.915417,0.368716,0.286195,0.191784,0.218628,0.321998,0.346887,running
18.248722,75,0.156066,0.203533,0.248242,0.488206,0.174897,0.565701,0.181004,0.158947,0.128525,0.120797,0.523158,0.168207,running
18.399160,77,0.135197,0.127202,0.156844,0.307919,0.168757,0.729814,0.115729,0.099621,0.097746,0.077024,0.352318,0.106176,running
18.599346,72,0.496702,0.084495,0.109184,0.189947,0.168697,0.454066,0.072180,0.183107,0.067903,0.058038,0.270253,0.084853,running
19.498768,68,0.232088,0.230183,0.151367,0.874903,0.104065,0.118315,0.104887,0.104379,0.441852,0.182447,0.131671,0.163910,running
19.649446,73,0.171398,0.520657,0.103710,0.556506,0.069090,0.081320,0.067090,0.069789,0.493133,0.155468,0.089083,0.126524,running
19.897110,79,0.090565,0.363039,0.149946,0.257182,0.042703,0.052221,0.114647,0.523022,0.280885,0.084121,0.051970,0.089527,running
20.849365,69,0.132547,0.346374,0.138132,0.191345,0.273508,0.271544,0.517763,0.230490,0.668706,0.688237,0.722412,0.187332,running
21.149916,82,0.417504,0.144999,0.066101,0.088446,0.119182,0.129172,0.237553,0.095887,0.269254,0.284656,0.566439,0.103530,running
22.898876,73,0.032602,0.387267,0.223356,0.236945,0.429833,0.050365,0.035931,0.035496,0.027770,0.068796,0.619469,0.040355,running
26.600460,74,0.069276,0.579709,0.197664,0.062652,0.077777,0.100199,0.601380,0.049626,0.324906,0.261359,0.034361,0.114774,running
26.848782,69,0.032680,0.271085,0.088897,0.031069,0.062810,0.045289,0.279006,0.028077,0.196926,0.672603,0.040148,0.075025,running
27.549124,69,0.015608,0.063470,0.016529,0.023899,0.051647,0.011799,0.112099,0.009741,0.091102,0.753500,0.130397,0.716874,running
28.099045,71,0.018138,0.037289,0.013934,0.015830,0.056562,0.013954,0.043037,0.037135,0.068007,0.918239,0.092086,0.409003,running
28.498604,69,0.037858,0.046627,0.025528,0.021193,0.059384,0.015871,0.115330,0.044675,0.097779,0.976677,0.080066,0.168097,running
28.798706,69,0.040106,0.029971,0.014526,0.013229,0.063695,0.032883,0.058424,0.067784,0.080702,0.991274,0.045249,0.092277,running
28.949417,69,0.036863,0.056224,0.012378,0.011273,0.088268,0.024424,0.038842,0.052326,0.085042,0.994515,0.034120,0.087375,running
29.149817,69,0.050691,0.349215,0.013124,0.009161,0.082899,0.023335,0.022114,0.032738,0.166177,0.816526,0.023661,0.074048,running
29.399261,73,0.052996,0.558212,0.015737,0.007327,0.062148,0.033199,0.011214,0.019085,0.189705,0.743248,0.015960,0.063908,running
29.598732,73,0.049641,0.712972,0.017436,0.008957,0.051694,0.030820,0.006546,0.013545,0.279009,0.624109,0.012856,0.061348,running
33.949841,69,0.029205,0.057629,0.039552,0.205682,0.042241,0.201614,0.913589,0.614982,0.127928,0.055899,0.062530,0.020996,running
34.151047,68,0.037560,0.070148,0.040870,0.326874,0.269573,0.134539,0.513737,0.389684,0.296929,0.307655,0.049615,0.045362,running
34.799828,68,0.046817,0.116516,0.026910,0.287345,0.205810,0.214809,0.565796,0.126684,0.457489,0.212046,0.041420,0.026502,running
35.148952,69,0.040260,0.077905,0.039195,0.222952,0.335711,0.162991,0.439983,0.114783,0.503810,0.233053,0.046769,0.025589,running
35.398846,64,0.025174,0.097113,0.024931,0.148503,0.413466,0.209783,0.553042,0.063090,0.273635,0.180484,0.041325,0.042716,running
36.399548,64,0.145387,0.354701,0.379563,0.210539,0.418834,0.296793,0.680296,0.087717,0.119443,0.134457,0.118173,0.113175,running
39.199203,62,0.353716,0.065695,0.079534,0.667317,0.109366,0.021862,0.042608,0.145271,0.029481,0.027889,0.041501,0.180300,running
39.348625,72,0.389097,0.046473,0.051487,0.416276,0.070191,0.014054,0.042201,0.444946,0.019844,0.028177,0.106241,0.140906,running
39.798882,74,0.210595,0.028776,0.742376,0.112630,0.024448,0.008715,0.015812,0.112687,0.007651,0.012476,0.073320,0.041910,running
39.998852,73,0.335050,0.439998,0.430752,0.065591,0.018544,0.010263,0.013153,0.075648,0.308922,0.015901,0.044447,0.039251,running
40.150635,73,0.527525,0.452119,0.269954,0.041446,0.011868,0.007035,0.008271,0.050427,0.395456,0.010820,0.029611,0.039953,running
41.150002,84,0.257950,0.116642,0.044375,0.045744,0.111131,0.075991,0.030457,0.025801,0.063000,0.918694,0.056569,0.039819,running
41.448662,73,0.380030,0.386729,0.043940,0.030693,0.178655,0.440200,0.025692,0.022905,0.433147,0.426855,0.043965,0.068014,running
41.898994,65,0.165564,0.696476,0.141415,0.037982,0.157951,0.348303,0.039423,0.029075,0.191354,0.142452,0.044388,0.059322,running
42.199139,74,0.080766,0.347265,0.659228,0.024576,0.068136,0.162613,0.098527,0.020135,0.086163,0.376418,0.031152,0.029376,running
42.449890,66,0.078860,0.268609,0.544449,0.035426,0.096865,0.155038,0.542460,0.060075,0.060124,0.222320,0.059394,0.049631,running
42.700134,70,0.053560,0.131972,0.310964,0.034945,0.084668,0.567574,0.273827,0.041287,0.042178,0.207902,0.500057,0.044667,running
43.750835,64,0.077315,0.077538,0.119702,0.906315,0.165825,0.067858,0.046845,0.047332,0.073247,0.104745,0.241021,0.198950,running
43.900879,63,0.068335,0.071385,0.231283,0.814857,0.133762,0.060585,0.224860,0.127293,0.107392,0.166419,0.308629,0.380683,running
44.150902,59,0.119610,0.209136,0.143416,0.584290,0.080357,0.070954,0.397374,0.195880,0.291855,0.268960,0.441481,0.456846,running
44.402084,66,0.088262,0.351851,0.099480,0.411773,0.047447,0.118504,0.656041,0.204806,0.151282,0.134131,0.290571,0.222407,running
44.700233,61,0.128040,0.455936,0.073546,0.329090,0.037549,0.113371,0.374434,0.136381,0.467567,0.132198,0.208583,0.353800,running
44.949142,66,0.092427,0.475205,0.328334,0.265618,0.066574,0.161153,0.509171,0.107364,0.279898,0.083351,0.125322,0.174036,running
45.201492,66,0.060778,0.367033,0.249240,0.128616,0.084707,0.129372,0.694499,0.057893,0.134978,0.043664,0.153500,0.220648,running
46.449627,66,0.049774,0.081501,0.969813,0.117227,0.178437,0.125763,0.198851,0.084872,0.099107,0.120183,0.113895,0.068797,running
46.749866,69,0.029760,0.040707,0.431794,0.050953,0.186566,0.358007,0.083065,0.035996,0.066522,0.374600,0.275484,0.046741,running
47.199600,78,0.015191,0.081525,0.120574,0.013577,0.065889,0.145697,0.769319,0.018236,0.019648,0.109410,0.086375,0.018917,running
48.103508,73,0.287887,0.276165,0.270309,0.464574,0.169332,0.149319,0.306422,0.293763,0.758517,0.119459,0.185468,0.132687,running
49.149815,65,0.228714,0.012352,0.011538,0.020323,0.064868,0.969318,0.019590,0.018120,0.031612,0.067394,0.037404,0.016663,running
49.298618,70,0.159520,0.010145,0.018699,0.014005,0.055359,0.980912,0.015735,0.012509,0.020613,0.060450,0.207692,0.012754,running
49.799400,64,0.033676,0.003220,0.007043,0.053423,0.765952,0.260060,0.008161,0.005563,0.057113,0.020422,0.110602,0.112089,running
50.099201,70,0.018556,0.009964,0.046327,0.043691,0.519534,0.525617,0.012692,0.013325,0.197815,0.034810,0.439400,0.096860,running
50.299610,70,0.011413,0.012240,0.063349,0.025661,0.306425,0.656002,0.009276,0.010537,0.202740,0.037597,0.625662,0.055305,running
51.499432,60,0.278090,0.173691,0.300867,0.230301,0.169230,0.204907,0.368088,0.102675,0.300691,0.140643,0.620741,0.408603,running
51.751995,72,0.512855,0.114110,0.244546,0.387631,0.102116,0.120186,0.333031,0.384850,0.152509,0.084758,0.428523,0.419922,running
55.399632,59,0.148873,0.083436,0.139369,0.246569,0.443441,0.666714,0.273645,0.186876,0.514029,0.139577,0.160816,0.071738,running
55.548962,75,0.095714,0.053369,0.090007,0.159137,0.278318,0.448748,0.172875,0.118740,0.322603,0.096404,0.477926,0.048302,running
55.948666,82,0.029852,0.019220,0.135871,0.308170,0.080099,0.134273,0.069333,0.213577,0.096184,0.056331,0.697824,0.029184,running
56.149509,67,0.019651,0.013407,0.148786,0.243926,0.047673,0.075309,0.055569,0.543148,0.058059,0.039411,0.414915,0.025968,running
56.449043,67,0.032336,0.022509,0.241613,0.362443,0.047925,0.050424,0.085530,0.610632,0.076770,0.044262,0.372338,0.036717,running
56.748569,67,0.030893,0.023316,0.197675,0.464326,0.044520,0.035701,0.088201,0.644365,0.086411,0.042870,0.245982,0.037782,running
56.898926,75,0.030313,0.028434,0.177918,0.666746,0.043356,0.031156,0.063625,0.424078,0.066059,0.045513,0.210204,0.032555,running
57.898914,69,0.001454,0.006030,0.008266,0.040921,0.063035,0.002359,0.051367,0.021152,0.013360,0.957865,0.020780,0.003156,running
58.098568,69,0.000880,0.006399,0.004545,0.024622,0.107107,0.001851,0.041953,0.011830,0.022393,0.977874,0.014002,0.004750,running
58.399452,69,0.003359,0.007578,0.006379,0.010553,0.207660,0.333231,0.018047,0.006712,0.024774,0.724284,0.152428,0.007406,running
58.748604,75,0.011531,0.005025,0.056991,0.447977,0.103836,0.314024,0.009192,0.011914,0.013797,0.320455,0.358141,0.016857,running
59.199501,65,0.187928,0.007752,0.023478,0.138383,0.104051,0.819399,0.015610,0.014018,0.012201,0.155271,0.100377,0.010531,running
59.450195,65,0.191872,0.005744,0.012169,0.073592,0.089289,0.780360,0.019980,0.067158,0.211774,0.109147,0.049845,0.007486,running
60.348572,70,0.090782,0.123159,0.129420,0.227628,0.520126,0.233057,0.191131,0.051042,0.655747,0.068135,0.119763,0.071983,running
60.649612,70,0.050049,0.092508,0.080900,0.112967,0.219888,0.513434,0.352401,0.031229,0.276890,0.046231,0.174370,0.038028,running
61.049198,72,0.529362,0.214248,0.038637,0.039757,0.078188,0.206924,0.126113,0.510441,0.148991,0.026833,0.073141,0.058533,running
61.399208,61,0.377150,0.687273,0.048167,0.043954,0.046202,0.137806,0.063067,0.203875,0.446797,0.044771,0.044058,0.053647,running
61.598602,68,0.264880,0.450886,0.057372,0.072124,0.059294,0.106412,0.071439,0.284649,0.673240,0.051907,0.040938,0.058888,running
61.848698,60,0.674163,0.245830,0.060194,0.042557,0.056410,0.057105,0.043029,0.404212,0.309930,0.049804,0.094277,0.111941,running
62.399837,73,0.169756,0.298461,0.086808,0.574839,0.038469,0.020605,0.019599,0.100833,0.326161,0.018323,0.032332,0.045861,running
63.298843,75,0.565262,0.378669,0.342770,0.514998,0.547535,0.554902,0.326934,0.256152,0.362152,0.383714,0.392685,0.536701,running
63.499554,73,0.338503,0.508516,0.209336,0.290759,0.323807,0.388556,0.186336,0.155602,0.554653,0.219133,0.223070,0.306833,running
65.548721,78,0.424394,0.406024,0.550832,0.674375,0.628553,0.523978,0.352663,0.460356,0.364396,0.446370,0.529528,0.571796,stopped
65.548721,78,0.424394,0.406024,0.550832,0.674375,0.628553,0.523978,0.352663,0.460356,0.364396,0.446370,0.529528,0.571796,stopped
65.548721,78,0.424394,0.406024,0.550832,0.674375,0.628553,0.523978,0.352663,0.460356,0.364396,0.446370,0.529528,0.571796,stopped
65.548721,78,0.424394,0.406024,0.550832,0.674375,0.628553,0.523978,0.352663,0.460356,0.364396,0.446370,0.529528,0.571796,stopped
65.548721,78,0.424394,0.406024,0.550832,0.674375,0.628553,0.523978,0.352663,0.460356,0.364396,0.446370,0.529528,0.571796,stopped
65.548721,78,0.424394,0.406024,0.550832,0.674375,0.628553,0.523978,0.352663,0.460356,0.364396,0.446370,0.529528,0.571796,stopped
